       -0.7683888688        -0.1780268053        -0.3006353455         7.4764551347         1.5105827156        -0.2718927001 
       -1.3128216521        -0.1066062578         0.8489258919         9.8524726430         0.5806939471         0.1161555866 
       -0.1404635566        -0.6991954935        -0.2441784717       -49.0495880741         1.0104943270         0.1503908247 
       -0.1507196465         1.7291173057        -0.0879798757       -25.1722227292         1.9453096824        -0.1201636854 
        0.0256493224        -1.0587330653         0.6795135465         6.0703656866        -0.9356541648        -0.4040690342 
        0.0684647446         0.0776251224        -2.1092661729         6.9737758765         1.5117450318         0.3191794458 
        0.4357292633        -1.0571541258         1.0630598725        12.1349399820        -1.6412576715        -0.1649257223 
        0.1843023231        -2.0332605611        -0.4580448353        -8.6507426973         4.0883425226        -1.0112135389 
       -0.3609172194        -0.7683294730        -0.3554976188       -14.5924824056         3.6471173481         1.0126748694 
       -0.1451970106        -0.7300926284        -0.2516487425       -61.4337521518         0.9852029971        -0.2170519844 
       -0.7000773893         0.8677326275        -0.2703335169       -17.4942870188         2.1381289251         0.4242191659 
        0.7280210261        -1.5624546481        -0.6738345525       -15.4731063431         1.2571615671         0.2588068957 
        0.9686042348         0.4570829468         1.5786780656         1.0999679056         0.1521201288        -0.1724571004 
       -0.2269767003        -0.4726117997        -0.2657849252       -17.8479528214         0.6900319684        -2.1089641707 
       -0.2330886717        -1.0391795038        -0.2360172996      -147.3748978012         1.1793245028        -0.7741867252 
       -2.7751432774        -0.0337038645         0.0241549440        -0.3008659218        -0.0041361229        -0.0086532094 
        0.1752542345        -2.6096735039        -0.2396384979        -1.7856314040         0.3498451307         0.0899199828 
       -0.8359242620         0.7231765272        -0.3050084833       -17.4622501136         2.4345451247         0.5528167459 
       -0.2736137274        -0.9014024339        -0.3638244957       -13.5405585135         3.8583288971         1.0451874175 
        0.0718550716        -0.6876044889        -1.2990334611        -4.0007491437        -3.0711504993        -0.1163382622 
       -0.3868733996        -1.1405506575         0.5003565729         2.2948759345        -0.3853986202        -0.6964388746 
        0.2604812054        -1.7393055528        -0.3546377324        -4.7417693608         0.7515096573        -0.0477614436 
       -0.1287636065        -0.6657146156        -0.2520986201       -41.9466346308         0.8634587061         0.1478183362 
        0.7145462433        -0.0600962984        -1.4452994264       -14.9899268214        -0.2357143129         0.1747739651 
       -0.1670374913        -0.8408893929        -0.3080264882      -100.7277025727         1.0472957607        -0.8488572188 
       -0.0610094822        -0.0441716815        -0.7354257889        -1.0602733378         0.1578765398        -0.0008977965 
       -0.0645944233         1.1252450459         0.0032223981       -76.6177094062         3.6229263754        -0.0655963483 
       -0.3910667532        -1.2419850656         0.4493677019         1.9304537437        -0.2690712606         0.7895090357 
       -0.1501623818        -0.7640253939        -0.2772840169       -75.6106318484         0.9998599746        -0.5484457474 
       -0.0988570028        -0.7443386960        -0.2717452576       -20.7553494580        -0.8194869153        -0.1733362043 
        0.8982886542         0.3307995128        -0.1892541414         4.2683558309        -0.4227279986        -0.1593040755 
        0.0018728576        -0.5408668011        -2.0076295477        -1.4736156576        -1.2149124996         0.1837718423 
       -0.5776904239        -1.5281322208         0.7784442084         1.5507603753        -0.3216448296        -0.0452182114 
       -0.1673017167        -0.8418717656        -0.3080638115      -101.0002561466         1.0478559525        -0.8504012154 
       -0.9286972696        -0.0349224312        -0.5136946002       -19.9245677197         1.0151876361        -0.0858866215 
        0.5880579344        -1.5149290651        -0.4559789547        -7.0907947630         0.7700791357         0.2053753399 
       -0.4483313504        -0.6124191075        -0.4504350722       -12.4617268711         3.5053062285        -0.7897961116 
       -0.1307922422        -0.5253379986        -0.2835676707        -0.4821410146         3.4579740660         0.1067509563 
       -0.1424792578        -0.6962872341        -0.2459161781       -45.4963918558         1.1190590761         0.3954018753 
       -0.1609982924         1.9326738845        -0.0272517971       -31.3684777975         2.1496383231        -0.1148905224 
       -0.2483031471         1.1295338051        -0.1878748429       -16.7609243916         1.6299712487        -0.0300726161 
       -0.3381990060        -1.0322078020         0.5883556003         3.7889763335        -0.6552675583        -0.0132943748 
       -0.9293227923        -0.1691063434         0.0472796954         7.9390795019         1.5860969188        -0.1201993152 
       -0.2333297065        -0.4547241185        -0.2606624586       -16.5112703988         0.6843144363        -2.1323079384 
       -0.1475510413        -0.7469508088        -0.2637217615       -68.7079426513         0.9898239133        -0.4024663114 
       -0.1108304375        -0.0231069741        -1.5427023346         8.1307917989         1.3582884705         0.3056701185 
       -0.0189192621        -0.7812769910        -1.7734553783        -1.4705225688        -1.4693911567         0.0819251098 
        0.5593505861        -0.5968601689        -0.1399052579        -3.6904507172         0.2719413879         0.2391144970 
       -0.4127498485        -1.1524076897         0.5511706817         2.5818104336        -0.4294046271         0.4055949608 
       -0.3704549001        -0.7646152761        -0.4162153525       -12.8520831873         3.2315380078        -0.7793946337 
       -0.3353710559        -1.0650672332        -0.1756425753       -12.9059969245        12.8499769111         0.0196847043 
        0.3773938916        -2.2472454300        -0.3804531805        -2.8890141919         0.4729545185         0.2890883620 
        0.0899621321        -0.2068132139        -0.1021718927        -6.0335687173         0.4689441582         0.4918248846 
       -0.4589759554        -1.1197990270         0.5364250638         2.2448024350        -0.3863195846        -0.5160639034 
        0.3373932861         0.0624757569         0.0929695281         1.0992147131        -0.1160394437        -0.0500098962 
        0.3772476629        -0.8161577531         1.1027408936        13.5848950942        -1.8443425793         0.1196371821 
        0.0872967322        -0.8359298634        -0.9710459684        -3.7309624503        -3.4757488917        -0.1081730609 
       -0.0141905137        -0.0095666318        -2.9313973012         0.0746607421         0.0676820797         0.0206057633 
       -0.0713347369        -0.8131902097        -0.2449355076       -17.8659765188        -1.2697269717        -0.1747268517 
       -0.6607119385        -0.2309478844        -0.3492981636       -15.6302343163         3.4279388688         0.9171824570 
