    1.800   2.5341   2.5473   113.56   109.09   128.96   -212.7291388   -212.8951223   -212.7907939
    1.900   2.5341   2.5473   113.56   109.09   128.96   -212.7391071   -212.9047022   -212.8003431
    2.000   2.5341   2.5473   113.56   109.09   128.96   -212.7432351   -212.9084970   -212.8042105
    2.035   2.5341   2.5473   113.56   109.09   128.96   -212.7435843   -212.9087407   -212.8045052
    2.050   2.5341   2.5473   113.56   109.09   128.96   -212.7435842   -212.9086960   -212.8044882
    2.100   2.5341   2.5473   113.56   109.09   128.96   -212.7429953   -212.9079704   -212.8038625
    2.200   2.5341   2.5473   113.56   109.09   128.96   -212.7395042   -212.9042378   -212.8004064
    2.300   2.5341   2.5473   113.56   109.09   128.96   -212.7336130   -212.8981515   -212.7946878
    2.400   2.5341   2.5473   113.56   109.09   128.96   -212.7259741   -212.8903708   -212.7873545
    2.600   2.5341   2.5473   113.56   109.09   128.96   -212.7073480   -212.8717240   -212.7697196
    2.035   2.3000   2.5473   113.56   109.09   128.96   -212.7389741   -212.8936785   -212.7886255
    2.035   2.4000   2.5473   113.56   109.09   128.96   -212.7448264   -212.9041657   -212.7996475
    2.035   2.4500   2.5473   113.56   109.09   128.96   -212.7453855   -212.9069407   -212.8025784
    2.035   2.5000   2.5473   113.56   109.09   128.96   -212.7446839   -212.9083978   -212.8041289
    2.035   2.5341   2.5473   113.56   109.09   128.96   -212.7435844   -212.9087416   -212.8045042
    2.035   2.5500   2.5473   113.56   109.09   128.96   -212.7429183   -212.9087407   -212.8045110
    2.035   2.6000   2.5473   113.56   109.09   128.96   -212.7402577   -212.9081460   -212.8039064
    2.035   2.6500   2.5473   113.56   109.09   128.96   -212.7368473   -212.9067631   -212.8024754
    2.035   2.7000   2.5473   113.56   109.09   128.96   -212.7328122   -212.9047221   -212.8003546
    2.035   2.8000   2.5473   113.56   109.09   128.96   -212.7232827   -212.8990951   -212.7945055
    2.035   3.0000   2.5473   113.56   109.09   128.96   -212.7005653   -212.8838951   -212.7788482
    2.035   3.2000   2.5473   113.56   109.09   128.96   -212.6757798   -212.8662606   -212.7612529
    2.035   2.5341   2.3000   113.56   109.09   128.96   -212.7795239   -212.9246675   -212.7810361
    2.035   2.5341   2.4000   113.56   109.09   128.96   -212.7688016   -212.9220426   -212.7950885
    2.035   2.5341   2.4500   113.56   109.09   128.96   -212.7612528   -212.9185343   -212.7995871
    2.035   2.5341   2.5000   113.56   109.09   128.96   -212.7525953   -212.9139195   -212.8026890
    2.035   2.5341   2.5473   113.56   109.09   128.96   -212.7435844   -212.9087407   -212.8045051
    2.035   2.5341   2.5500   113.56   109.09   128.96   -212.7430495   -212.9084250   -212.8045789
    2.035   2.5341   2.6000   113.56   109.09   128.96   -212.7328079   -212.9022373   -212.8054272
    2.035   2.5341   2.6500   113.56   109.09   128.96   -212.7220397   -212.8955113   -212.8053875
    2.035   2.5341   2.7000   113.56   109.09   128.96   -212.7108950   -212.8883796   -212.8045932
    2.035   2.5341   2.8000   113.56   109.09   128.96   -212.6879988   -212.8733323   -212.8011924
    2.035   2.5341   3.0000   113.56   109.09   128.96   -212.6428742   -212.8422734   -212.7895886
    2.035   2.5341   3.2000   113.56   109.09   128.96   -212.6034983   -212.8125207   -212.7748414
    2.035   2.5341   2.5473    90.00   109.09   128.96   -212.7042971   -212.8753089   -212.7807380
    2.035   2.5341   2.5473    95.00   109.09   128.96   -212.7150295   -212.8848296   -212.7900082
    2.035   2.5341   2.5473   100.00   109.09   128.96   -212.7246063   -212.8931294   -212.7968178
    2.035   2.5341   2.5473   105.00   109.09   128.96   -212.7328436   -212.9000912   -212.8013845
    2.035   2.5341   2.5473   110.00   109.09   128.96   -212.7396445   -212.9056522   -212.8038920
    2.035   2.5341   2.5473   113.56   109.09   128.96   -212.7435844   -212.9087412   -212.8045047
    2.035   2.5341   2.5473   115.00   109.09   128.96   -212.7449624   -212.9097837   -212.8044875
    2.035   2.5341   2.5473   120.00   109.09   128.96   -212.7487786   -212.9124756   -212.8032881
    2.035   2.5341   2.5473   125.00   109.09   128.96   -212.7510880   -212.9137354   -212.8003796
    2.035   2.5341   2.5473   130.00   109.09   128.96   -212.7518923   -212.9135740   -212.7958332
    2.035   2.5341   2.5473   135.00   109.09   128.96   -212.7511971   -212.9120078   -212.7897097
    2.035   2.5341   2.5473   140.00   109.09   128.96   -212.7490114   -212.9090585   -212.7820698
    2.035   2.5341   2.5473   113.56    90.00   128.96   -212.6773916   -212.8475592   -212.7826197
    2.035   2.5341   2.5473   113.56    95.00   128.96   -212.7031949   -212.8718735   -212.7930541
    2.035   2.5341   2.5473   113.56   100.00   128.96   -212.7221841   -212.8895011   -212.7998130
    2.035   2.5341   2.5473   113.56   105.00   128.96   -212.7357828   -212.9018567   -212.8035005
    2.035   2.5341   2.5473   113.56   109.09   128.96   -212.7435844   -212.9087433   -212.8045025
    2.035   2.5341   2.5473   113.56   110.00   128.96   -212.7449579   -212.9099258   -212.8044972
    2.035   2.5341   2.5473   113.56   115.00   128.96   -212.7503684   -212.9143759   -212.8030656
    2.035   2.5341   2.5473   113.56   120.00   128.96   -212.7524602   -212.9156700   -212.7993734
    2.035   2.5341   2.5473   113.56   125.00   128.96   -212.7515285   -212.9141072   -212.7935421
    2.035   2.5341   2.5473   113.56   130.00   128.96   -212.7477613   -212.9098850   -212.7856461
    2.035   2.5341   2.5473   113.56   135.00   128.96   -212.7412707   -212.9031136   -212.7757454
    2.035   2.5341   2.5473   113.56   140.00   128.96   -212.7321179   -212.8938554   -212.7638821
    2.035   2.5341   2.5473   113.56   109.09    90.00   -212.6723292   -212.8419318   -212.7543138
    2.035   2.5341   2.5473   113.56   109.09   100.00   -212.6985212   -212.8652813   -212.7746489
    2.035   2.5341   2.5473   113.56   109.09   105.00   -212.7092643   -212.8747214   -212.7820545
    2.035   2.5341   2.5473   113.56   109.09   110.00   -212.7186017   -212.8828255   -212.7878010
    2.035   2.5341   2.5473   113.56   109.09   115.00   -212.7266698   -212.8897662   -212.7919954
    2.035   2.5341   2.5473   113.56   109.09   120.00   -212.7336033   -212.8957163   -212.7948957
    2.035   2.5341   2.5473   113.56   109.09   125.00   -212.7395290   -212.9055421   -212.8042047
    2.035   2.5341   2.5473   113.56   109.09   127.00   -212.7416437   -212.9072230   -212.8044445
    2.035   2.5341   2.5473   113.56   109.09   128.96   -212.7435844   -212.9087413   -212.8045045
    2.035   2.5341   2.5473   113.56   109.09   129.00   -212.7436226   -212.9087707   -212.8045044
    2.035   2.5341   2.5473   113.56   109.09   130.00   -212.7445634   -212.9094969   -212.8044698
    2.035   2.5341   2.5473   113.56   109.09   135.00   -212.7488105   -212.9126870   -212.8037017
    2.035   2.5341   2.5473   113.56   109.09   140.00   -212.7523634   -212.9152262   -212.8020539
    2.035   2.5341   2.5473   113.56   109.09   150.00   -212.7577056   -212.9187669   -212.7968091
    2.035   2.5341   2.5473   113.56   109.09   160.00   -212.7611316   -212.9208503   -212.7903743
    2.035   2.5341   2.5473   113.56   109.09   170.00   -212.7630304   -212.9219762   -212.7849025
    2.035   2.5341   2.5473   113.56   109.09   180.00   -212.7636372   -212.9223465   -212.7827069
